<<<<<<< HEAD
1000    15
2000    40
3000    86
4000    149
5000    229
6000    331
7000    455
8000    586
9000    741
10000    920
11000    1120
12000    1325
13000    1557
14000    1808
15000    2062
16000    2351
17000    2641
18000    2995
19000    3304
20000    3663
21000    4034
22000    4430
23000    4845
24000    5277
25000    5712
26000    6182
27000    6660
28000    7154
29000    7963
30000    8667
31000    9433
32000    9623
33000    10204
34000    10765
35000    11298
36000    11859
37000    12516
38000    13217
39000    14036
40000    14719
41000    15522
42000    16278
43000    17095
44000    17955
45000    18682
46000    19673
47000    20305
48000    21160
49000    22089
50000    23061
51000    24208
52000    24981
53000    25815
54000    26915
55000    28626
56000    29267
57000    30376
58000    30761
59000    31907
60000    33079
61000    35460
62000    36311
63000    36556
64000    37842
65000    38874
66000    40501
67000    42037
68000    43164
69000    43662
70000    45169
71000    46540
72000    48205
73000    49057
74000    51667
75000    53940
76000    59805
77000    55818
78000    56486
79000    57446
80000    58878
81000    60089
82000    61565
83000    64264
84000    64948
85000    66460
86000    68119
87000    69381
88000    71590
89000    73322
90000    74332
91000    76605
92000    79683
93000    80532
94000    81992
95000    82857
96000    84952
97000    87183
98000    88277
99000    89854
100000    91931
=======
1000	15
2000	40
3000	86
4000	149
5000	229
6000	331
7000	455
8000	586
9000	741
10000	920
11000	1120
12000	1325
13000	1557
14000	1808
15000	2062
16000	2351
17000	2641
18000	2995
19000	3304
20000	3663
21000	4034
22000	4430
23000	4845
24000	5277
25000	5712
26000	6182
27000	6660
28000	7154
29000	7963
30000	8667
31000	9433
32000	9623
33000	10204
34000	10765
35000	11298
36000	11859
37000	12516
38000	13217
39000	14036
40000	14719
41000	15522
42000	16278
43000	17095
44000	17955
45000	18682
46000	19673
47000	20305
48000	21160
49000	22089
50000	23061
51000	24208
52000	24981
53000	25815
54000	26915
55000	28626
56000	29267
57000	30376
58000	30761
59000	31907
60000	33079
61000	35460
62000	36311
63000	36556
64000	37842
65000	38874
66000	40501
67000	42037
68000	43164
69000	43662
70000	45169
71000	46540
72000	48205
73000	49057
74000	51667
75000	53940
76000	59805
77000	55818
78000	56486
79000	57446
80000	58878
81000	60089
82000	61565
83000	64264
84000	64948
85000	66460
86000	68119
87000	69381
88000	71590
89000	73322
90000	74332
91000	76605
92000	79683
93000	80532
94000	81992
95000	82857
96000	84952
97000	87183
98000	88277
99000	89854
100000	91931

1000	15
2000	40
3000	86
4000	149
5000	229
6000	331
7000	455
8000	586
9000	741
10000	920
11000	1120
12000	1325
13000	1557
14000	1808
15000	2062
16000	2351
17000	2641
18000	2995
19000	3304
20000	3663
21000	4034
22000	4430
23000	4845
24000	5277
25000	5712
26000	6182
27000	6660
28000	7154
29000	7963
30000	8667
31000	9433
32000	9623
33000	10204
34000	10765
35000	11298
36000	11859
37000	12516
38000	13217
39000	14036
40000	14719
41000	15522
42000	16278
43000	17095
44000	17955
45000	18682
46000	19673
47000	20305
48000	21160
49000	22089
50000	23061
51000	24208
52000	24981
53000	25815
54000	26915
55000	28626
56000	29267
57000	30376
58000	30761
59000	31907
60000	33079
61000	35460
62000	36311
63000	36556
64000	37842
65000	38874
66000	40501
67000	42037
68000	43164
69000	43662
70000	45169
71000	46540
72000	48205
73000	49057
74000	51667
75000	53940
76000	59805
77000	55818
78000	56486
79000	57446
80000	58878
81000	60089
82000	61565
83000	64264
84000	64948
85000	66460
86000	68119
87000	69381
88000	71590
89000	73322
90000	74332
91000	76605
92000	79683
93000	80532
94000	81992
95000	82857
96000	84952
97000	87183
98000	88277
99000	89854
100000	91931

1000	15
2000	40
3000	86
4000	149
5000	229
6000	331
7000	455
8000	586
9000	741
10000	920
11000	1120
12000	1325
13000	1557
14000	1808
15000	2062
16000	2351
17000	2641
18000	2995
19000	3304
20000	3663
21000	4034
22000	4430
23000	4845
24000	5277
25000	5712
26000	6182
27000	6660
28000	7154
29000	7963
30000	8667
31000	9433
32000	9623
33000	10204
34000	10765
35000	11298
36000	11859
37000	12516
38000	13217
39000	14036
40000	14719
41000	15522
42000	16278
43000	17095
44000	17955
45000	18682
46000	19673
47000	20305
48000	21160
49000	22089
50000	23061
51000	24208
52000	24981
53000	25815
54000	26915
55000	28626
56000	29267
57000	30376
58000	30761
59000	31907
60000	33079
61000	35460
62000	36311
63000	36556
64000	37842
65000	38874
66000	40501
67000	42037
68000	43164
69000	43662
70000	45169
71000	46540
72000	48205
73000	49057
74000	51667
75000	53940
76000	59805
77000	55818
78000	56486
79000	57446
80000	58878
81000	60089
82000	61565
83000	64264
84000	64948
85000	66460
86000	68119
87000	69381
88000	71590
89000	73322
90000	74332
91000	76605
92000	79683
93000	80532
94000	81992
95000	82857
96000	84952
97000	87183
98000	88277
99000	89854
100000	91931


20000	3663
21000	4034
22000	4430
23000	4845
24000	5277
25000	5712
26000	6182
27000	6660
28000	7154
29000	7963
30000	8667
31000	9433
32000	9623
33000	10204
34000	10765
35000	11298
36000	11859
37000	12516
38000	13217
39000	14036
40000	14719
41000	15522
42000	16278
43000	17095
44000	17955
45000	18682
46000	19673
47000	20305
48000	21160
49000	22089
50000	23061
51000	24208
52000	24981
53000	25815
54000	26915
55000	28626
56000	29267
57000	30376
58000	30761
59000	31907
60000	33079
61000	35460
62000	36311
63000	36556
64000	37842
65000	38874
66000	40501
67000	42037
68000	43164
69000	43662
70000	45169
71000	46540
72000	48205
73000	49057
74000	51667
75000	53940
76000	59805
77000	55818
78000	56486
79000	57446
80000	58878
81000	60089
82000	61565
83000	64264
84000	64948
85000	66460
86000	68119
87000	69381
88000	71590
89000	73322
90000	74332
91000	76605
92000	79683
93000	80532
94000	81992
95000	82857
96000	84952
97000	87183
98000	88277
99000	89854
100000	91931
>>>>>>> be39e9720f78019c45aead182cebe1350fc41a96
