1000    0
2000    0
3000    1
4000    1
5000    2
6000    2
7000    3
8000    3
9000    4
10000    5
11000    6
12000    6
13000    7
14000    7
15000    7
16000    8
17000    9
18000    10
19000    10
20000    11
21000    12
22000    12
23000    13
24000    13
25000    14
26000    14
27000    15
28000    15
29000    15
30000    16
31000    17
32000    17
33000    18
34000    19
35000    19
36000    20
37000    20
38000    22
39000    22
40000    23
41000    23
42000    24
43000    25
44000    24
45000    25
46000    28
47000    27
48000    28
49000    29
50000    29
51000    29
52000    31
53000    31
54000    31
55000    32
56000    31
57000    33
58000    33
59000    34
60000    34
61000    35
62000    37
63000    36
64000    36
65000    37
66000    40
67000    40
68000    40
69000    43
70000    42
71000    43
72000    43
73000    44
74000    44
75000    47
76000    47
77000    48
78000    50
79000    48
80000    49
81000    51
82000    51
83000    52
84000    52
85000    52
86000    53
87000    55
88000    55
89000    55
90000    56
91000    57
92000    57
93000    57
94000    58
95000    59
96000    60
97000    59
98000    62
99000    61
100000    62